latitude: 48.19909665687968
longitude: -3.0147173185773366

